chr	start_pos	end_pos	V4
chr1	1	3000000	1.3091
chr1	3000001	6000000	2.03362
chr1	6000001	9000000	1.34508
chr1	9000001	12000000	1.3333
chr1	12000001	15000000	1.20281
chr1	15000001	18000000	1.76943
chr1	18000001	21000000	2.00165
chr1	21000001	24000000	1.45206
chr1	24000001	27000000	1.35524
chr1	27000001	30000000	1.07312
chr1	30000001	33000000	1.71097
chr1	33000001	36000000	1.48431
chr1	36000001	39000000	1.63942
chr1	39000001	42000000	1.18681
chr1	42000001	45000000	1.6212
chr1	45000001	48000000	1.23917
chr1	48000001	51000000	1.40678
chr1	51000001	54000000	0.881499
chr1	54000001	57000000	1.51525
chr1	57000001	60000000	1.38728
chr1	60000001	63000000	0.934706
chr1	63000001	66000000	0.910119
chr1	66000001	69000000	0.8986
chr1	69000001	72000000	0.686302
chr1	72000001	75000000	0.467484
chr1	75000001	78000000	0.837409
chr1	78000001	81000000	0.586573
chr1	81000001	84000000	0.595272
chr1	84000001	87000000	0.87768
chr1	87000001	90000000	0.869266
chr1	90000001	93000000	0.902225
chr1	93000001	96000000	0.998963
chr1	96000001	99000000	0.626732
chr1	99000001	102000000	0.75313
chr1	102000001	105000000	0.405497
chr1	105000001	108000000	0.465641
chr1	108000001	111000000	1.21313
chr1	111000001	114000000	1.29948
chr1	114000001	117000000	1.15651
chr1	117000001	120000000	1.17939
chr1	120000001	123000000	0.694563
chr1	123000001	126000000	4.22994e-07
chr1	126000001	129000000	4.30819e-07
chr1	129000001	132000000	4.30819e-07
chr1	132000001	135000000	4.30819e-07
chr1	135000001	138000000	4.30819e-07
chr1	138000001	141000000	4.30819e-07
chr1	141000001	144000000	0.858404
chr1	144000001	147000000	1.14627
chr1	147000001	150000000	1.12749
chr1	150000001	153000000	1.10535
chr1	153000001	156000000	1.37123
chr1	156000001	159000000	1.4842
chr1	159000001	162000000	1.54415
chr1	162000001	165000000	0.998705
chr1	165000001	168000000	1.24342
chr1	168000001	171000000	0.954269
chr1	171000001	174000000	0.862172
chr1	174000001	177000000	1.18047
chr1	177000001	180000000	1.05751
chr1	180000001	183000000	1.2918
chr1	183000001	186000000	0.998048
chr1	186000001	189000000	0.531595
chr1	189000001	192000000	0.343843
chr1	192000001	195000000	0.516386
chr1	195000001	198000000	0.453175
chr1	198000001	201000000	0.749065
chr1	201000001	204000000	1.76279
chr1	204000001	207000000	1.63401
chr1	207000001	210000000	1.47069
chr1	210000001	213000000	1.11096
chr1	213000001	216000000	1.00867
chr1	216000001	219000000	0.722524
chr1	219000001	222000000	0.931383
chr1	222000001	225000000	1.16448
chr1	225000001	228000000	1.06651
chr1	228000001	231000000	1.54894
chr1	231000001	234000000	1.14926
chr1	234000001	237000000	1.11736
chr1	237000001	240000000	0.75883
chr1	240000001	243000000	0.877509
chr1	243000001	246000000	1.06373
chr1	246000001	249000000	0.901192
chr1	249000001	252000000	0.0723404
chr2	1	3000000	1.51716
chr2	3000001	6000000	1.10465
chr2	6000001	9000000	1.22267
chr2	9000001	12000000	1.51501
chr2	12000001	15000000	0.932005
chr2	15000001	18000000	1.18951
chr2	18000001	21000000	1.26796
chr2	21000001	24000000	1.11472
chr2	24000001	27000000	1.05978
chr2	27000001	30000000	1.28155
chr2	30000001	33000000	1.13885
chr2	33000001	36000000	0.727798
chr2	36000001	39000000	0.99749
chr2	39000001	42000000	0.731181
chr2	42000001	45000000	1.03492
chr2	45000001	48000000	1.47961
chr2	48000001	51000000	0.822963
chr2	51000001	54000000	0.615318
chr2	54000001	57000000	0.814478
chr2	57000001	60000000	0.68074
chr2	60000001	63000000	0.957808
chr2	63000001	66000000	1.00127
chr2	66000001	69000000	0.993248
chr2	69000001	72000000	1.40222
chr2	72000001	75000000	1.39265
chr2	75000001	78000000	0.795046
chr2	78000001	81000000	0.753801
chr2	81000001	84000000	0.476976
chr2	84000001	87000000	1.17547
chr2	87000001	90000000	1.02163
chr2	90000001	93000000	0.986537
chr2	93000001	96000000	0.313896
chr2	96000001	99000000	1.27744
chr2	99000001	102000000	1.17163
chr2	102000001	105000000	0.963647
chr2	105000001	108000000	1.15353
chr2	108000001	111000000	1.01705
chr2	111000001	114000000	1.33801
chr2	114000001	117000000	0.873969
chr2	117000001	120000000	1.1667
chr2	120000001	123000000	1.56646
chr2	123000001	126000000	0.800746
chr2	126000001	129000000	1.03957
chr2	129000001	132000000	1.31652
chr2	132000001	135000000	1.29617
chr2	135000001	138000000	1.05415
chr2	138000001	141000000	0.683281
chr2	141000001	144000000	0.49039
chr2	144000001	147000000	0.668493
chr2	147000001	150000000	0.786048
chr2	150000001	153000000	0.805436
chr2	153000001	156000000	0.64609
chr2	156000001	159000000	0.697329
chr2	159000001	162000000	0.922498
chr2	162000001	165000000	0.603976
chr2	165000001	168000000	0.558639
chr2	168000001	171000000	0.787353
chr2	171000001	174000000	0.905514
chr2	174000001	177000000	0.978685
chr2	177000001	180000000	0.812871
chr2	180000001	183000000	0.693292
chr2	183000001	186000000	0.5544
chr2	186000001	189000000	0.496127
chr2	189000001	192000000	0.607441
chr2	192000001	195000000	0.521494
chr2	195000001	198000000	0.595529
chr2	198000001	201000000	0.744874
chr2	201000001	204000000	0.779194
chr2	204000001	207000000	0.951051
chr2	207000001	210000000	0.872429
chr2	210000001	213000000	0.558086
chr2	213000001	216000000	0.581318
chr2	216000001	219000000	1.46605
chr2	219000001	222000000	1.23858
chr2	222000001	225000000	0.928426
chr2	225000001	228000000	0.830445
chr2	228000001	231000000	0.894701
chr2	231000001	234000000	1.28245
chr2	234000001	237000000	1.52999
chr2	237000001	240000000	1.54575
chr2	240000001	243000000	1.79495
chr2	243000001	246000000	0.0511781
chr3	1	3000000	0.663589
chr3	3000001	6000000	1.05179
chr3	6000001	9000000	1.00797
chr3	9000001	12000000	1.68233
chr3	12000001	15000000	1.76461
chr3	15000001	18000000	1.08268
chr3	18000001	21000000	0.736608
chr3	21000001	24000000	0.713441
chr3	24000001	27000000	0.955713
chr3	27000001	30000000	0.721793
chr3	30000001	33000000	0.975461
chr3	33000001	36000000	0.833583
chr3	36000001	39000000	1.28129
chr3	39000001	42000000	1.11525
chr3	42000001	45000000	1.338
chr3	45000001	48000000	1.27821
chr3	48000001	51000000	1.23935
chr3	51000001	54000000	1.2914
chr3	54000001	57000000	1.2393
chr3	57000001	60000000	1.11406
chr3	60000001	63000000	0.963775
chr3	63000001	66000000	1.13718
chr3	66000001	69000000	0.958981
chr3	69000001	72000000	0.941092
chr3	72000001	75000000	1.09556
chr3	75000001	78000000	0.850797
chr3	78000001	81000000	0.477665
chr3	81000001	84000000	0.445106
chr3	84000001	87000000	0.404345
chr3	87000001	90000000	0.544912
chr3	90000001	93000000	0.12837
chr3	93000001	96000000	0.440665
chr3	96000001	99000000	0.619318
chr3	99000001	102000000	0.843658
chr3	102000001	105000000	0.498107
chr3	105000001	108000000	0.690544
chr3	108000001	111000000	0.717129
chr3	111000001	114000000	0.983519
chr3	114000001	117000000	0.794763
chr3	117000001	120000000	0.9234
chr3	120000001	123000000	1.00607
chr3	123000001	126000000	1.37078
chr3	126000001	129000000	1.67536
chr3	129000001	132000000	1.11992
chr3	132000001	135000000	1.35035
chr3	135000001	138000000	1.03169
chr3	138000001	141000000	1.27154
chr3	141000001	144000000	0.897129
chr3	144000001	147000000	0.504934
chr3	147000001	150000000	0.723775
chr3	150000001	153000000	0.71579
chr3	153000001	156000000	0.771333
chr3	156000001	159000000	0.965203
chr3	159000001	162000000	0.818508
chr3	162000001	165000000	0.376881
chr3	165000001	168000000	0.50242
chr3	168000001	171000000	0.811541
chr3	171000001	174000000	0.812253
chr3	174000001	177000000	0.556613
chr3	177000001	180000000	0.819365
chr3	180000001	183000000	0.768154
chr3	183000001	186000000	1.09531
chr3	186000001	189000000	1.25256
chr3	189000001	192000000	0.664552
chr3	192000001	195000000	1.39137
chr3	195000001	198000000	1.08742
chr3	198000001	201000000	0
chr4	1	3000000	1.23199
chr4	3000001	6000000	1.79213
chr4	6000001	9000000	2.04607
chr4	9000001	12000000	1.20259
chr4	12000001	15000000	0.983504
chr4	15000001	18000000	1.05602
chr4	18000001	21000000	0.685205
chr4	21000001	24000000	0.80094
chr4	24000001	27000000	1.05601
chr4	27000001	30000000	0.585509
chr4	30000001	33000000	0.409106
chr4	33000001	36000000	0.416016
chr4	36000001	39000000	0.955165
chr4	39000001	42000000	0.734708
chr4	42000001	45000000	0.649082
chr4	45000001	48000000	0.566452
chr4	48000001	51000000	0.998409
chr4	51000001	54000000	0.521506
chr4	54000001	57000000	1.01175
chr4	57000001	60000000	0.700428
chr4	60000001	63000000	0.458692
chr4	63000001	66000000	0.429927
chr4	66000001	69000000	0.504096
chr4	69000001	72000000	0.546421
chr4	72000001	75000000	0.69816
chr4	75000001	78000000	0.845561
chr4	78000001	81000000	0.822538
chr4	81000001	84000000	0.841658
chr4	84000001	87000000	0.747949
chr4	87000001	90000000	0.796155
chr4	90000001	93000000	0.529817
chr4	93000001	96000000	0.553466
chr4	96000001	99000000	0.566298
chr4	99000001	102000000	0.748314
chr4	102000001	105000000	0.683833
chr4	105000001	108000000	0.67606
chr4	108000001	111000000	0.794819
chr4	111000001	114000000	0.688311
chr4	114000001	117000000	0.493169
chr4	117000001	120000000	0.560122
chr4	120000001	123000000	0.716885
chr4	123000001	126000000	0.659496
chr4	126000001	129000000	0.503084
chr4	129000001	132000000	0.637138
chr4	132000001	135000000	0.388983
chr4	135000001	138000000	0.395266
chr4	138000001	141000000	0.719744
chr4	141000001	144000000	0.738509
chr4	144000001	147000000	0.839726
chr4	147000001	150000000	0.910089
chr4	150000001	153000000	0.770579
chr4	153000001	156000000	1.00159
chr4	156000001	159000000	0.533625
chr4	159000001	162000000	0.649504
chr4	162000001	165000000	0.445739
chr4	165000001	168000000	0.559169
chr4	168000001	171000000	0.741355
chr4	171000001	174000000	0.589884
chr4	174000001	177000000	0.611145
chr4	177000001	180000000	0.531813
chr4	180000001	183000000	0.613377
chr4	183000001	186000000	1.04756
chr4	186000001	189000000	0.918489
chr4	189000001	192000000	0.980929
chr5	1	3000000	1.66662
chr5	3000001	6000000	1.2621
chr5	6000001	9000000	1.10979
chr5	9000001	12000000	1.14951
chr5	12000001	15000000	0.861966
chr5	15000001	18000000	1.01033
chr5	18000001	21000000	0.430473
chr5	21000001	24000000	0.461284
chr5	24000001	27000000	0.420986
chr5	27000001	30000000	0.38112
chr5	30000001	33000000	0.851324
chr5	33000001	36000000	0.988871
chr5	36000001	39000000	0.932712
chr5	39000001	42000000	0.791354
chr5	42000001	45000000	0.707523
chr5	45000001	48000000	0.247427
chr5	48000001	51000000	0.422448
chr5	51000001	54000000	0.737883
chr5	54000001	57000000	0.96951
chr5	57000001	60000000	0.794031
chr5	60000001	63000000	0.913321
chr5	63000001	66000000	0.793966
chr5	66000001	69000000	0.956301
chr5	69000001	72000000	0.862923
chr5	72000001	75000000	0.946369
chr5	75000001	78000000	0.936723
chr5	78000001	81000000	0.835941
chr5	81000001	84000000	0.700892
chr5	84000001	87000000	0.446975
chr5	87000001	90000000	0.656028
chr5	90000001	93000000	0.596531
chr5	93000001	96000000	0.722228
chr5	96000001	99000000	0.707869
chr5	99000001	102000000	0.518435
chr5	102000001	105000000	0.492135
chr5	105000001	108000000	0.586654
chr5	108000001	111000000	0.762404
chr5	111000001	114000000	0.961382
chr5	114000001	117000000	0.86291
chr5	117000001	120000000	0.712529
chr5	120000001	123000000	0.684302
chr5	123000001	126000000	0.851613
chr5	126000001	129000000	0.760185
chr5	129000001	132000000	0.86575
chr5	132000001	135000000	1.28929
chr5	135000001	138000000	1.21433
chr5	138000001	141000000	1.0758
chr5	141000001	144000000	1.27657
chr5	144000001	147000000	0.940242
chr5	147000001	150000000	1.33718
chr5	150000001	153000000	1.2545
chr5	153000001	156000000	1.15978
chr5	156000001	159000000	1.1459
chr5	159000001	162000000	0.883417
chr5	162000001	165000000	0.623823
chr5	165000001	168000000	0.923429
chr5	168000001	171000000	1.55772
chr5	171000001	174000000	1.67874
chr5	174000001	177000000	1.48083
chr5	177000001	180000000	1.35826
chr5	180000001	183000000	0.361094
chr6	1	3000000	1.30127
chr6	3000001	6000000	1.39309
chr6	6000001	9000000	1.12092
chr6	9000001	12000000	0.962146
chr6	12000001	15000000	1.26028
chr6	15000001	18000000	0.991507
chr6	18000001	21000000	0.901176
chr6	21000001	24000000	0.760106
chr6	24000001	27000000	0.995714
chr6	27000001	30000000	0.983234
chr6	30000001	33000000	1.68313
chr6	33000001	36000000	1.42333
chr6	36000001	39000000	1.35092
chr6	39000001	42000000	1.95299
chr6	42000001	45000000	1.49081
chr6	45000001	48000000	0.988969
chr6	48000001	51000000	0.577594
chr6	51000001	54000000	1.06783
chr6	54000001	57000000	0.60041
chr6	57000001	60000000	0.634667
chr6	60000001	63000000	0.208272
chr6	63000001	66000000	0.523157
chr6	66000001	69000000	0.407247
chr6	69000001	72000000	0.65366
chr6	72000001	75000000	0.627791
chr6	75000001	78000000	0.644726
chr6	78000001	81000000	0.725053
chr6	81000001	84000000	0.697797
chr6	84000001	87000000	0.923331
chr6	87000001	90000000	0.920038
chr6	90000001	93000000	0.858517
chr6	93000001	96000000	0.425228
chr6	96000001	99000000	0.619571
chr6	99000001	102000000	0.734989
chr6	102000001	105000000	0.486153
chr6	105000001	108000000	0.871327
chr6	108000001	111000000	1.03915
chr6	111000001	114000000	0.852018
chr6	114000001	117000000	0.66054
chr6	117000001	120000000	0.797729
chr6	120000001	123000000	0.513473
chr6	123000001	126000000	0.661858
chr6	126000001	129000000	0.584645
chr6	129000001	132000000	0.753757
chr6	132000001	135000000	0.746163
chr6	135000001	138000000	0.890117
chr6	138000001	141000000	0.850087
chr6	141000001	144000000	0.744803
chr6	144000001	147000000	0.822287
chr6	147000001	150000000	0.870281
chr6	150000001	153000000	0.993284
chr6	153000001	156000000	0.739633
chr6	156000001	159000000	1.13217
chr6	159000001	162000000	1.36726
chr6	162000001	165000000	0.994195
chr6	165000001	168000000	1.27182
chr6	168000001	171000000	1.52931
chr6	171000001	174000000	0.0187693
chr7	1	3000000	1.59868
chr7	3000001	6000000	1.18265
chr7	6000001	9000000	0.794454
chr7	9000001	12000000	0.517129
chr7	12000001	15000000	0.559552
chr7	15000001	18000000	0.643049
chr7	18000001	21000000	0.611265
chr7	21000001	24000000	0.884319
chr7	24000001	27000000	1.11265
chr7	27000001	30000000	1.08395
chr7	30000001	33000000	1.23213
chr7	33000001	36000000	1.06506
chr7	36000001	39000000	1.10121
chr7	39000001	42000000	0.959999
chr7	42000001	45000000	1.17326
chr7	45000001	48000000	1.2662
chr7	48000001	51000000	0.992485
chr7	51000001	54000000	0.808555
chr7	54000001	57000000	0.893678
chr7	57000001	60000000	0.447431
chr7	60000001	63000000	0.408
chr7	63000001	66000000	0.709627
chr7	66000001	69000000	1.0417
chr7	69000001	72000000	1.11272
chr7	72000001	75000000	0.919454
chr7	75000001	78000000	0.904749
chr7	78000001	81000000	0.535663
chr7	81000001	84000000	0.423718
chr7	84000001	87000000	0.543827
chr7	87000001	90000000	0.624408
chr7	90000001	93000000	0.772967
chr7	93000001	96000000	0.718454
chr7	96000001	99000000	1.00659
chr7	99000001	102000000	1.21098
chr7	102000001	105000000	0.948451
chr7	105000001	108000000	0.997107
chr7	108000001	111000000	0.624976
chr7	111000001	114000000	0.728095
chr7	114000001	117000000	0.65051
chr7	117000001	120000000	0.517639
chr7	120000001	123000000	0.625058
chr7	123000001	126000000	0.565028
chr7	126000001	129000000	1.04847
chr7	129000001	132000000	1.04778
chr7	132000001	135000000	1.17278
chr7	135000001	138000000	0.848447
chr7	138000001	141000000	1.04185
chr7	141000001	144000000	1.2189
chr7	144000001	147000000	0.620534
chr7	147000001	150000000	1.0631
chr7	150000001	153000000	1.40602
chr7	153000001	156000000	1.51126
chr7	156000001	159000000	1.49972
chr7	159000001	162000000	0.0504373
chr8	1	3000000	1.50473
chr8	3000001	6000000	0.82513
chr8	6000001	9000000	1.23504
chr8	9000001	12000000	1.49657
chr8	12000001	15000000	0.765167
chr8	15000001	18000000	0.6858
chr8	18000001	21000000	1.27661
chr8	21000001	24000000	1.53434
chr8	24000001	27000000	1.07789
chr8	27000001	30000000	1.31445
chr8	30000001	33000000	0.700065
chr8	33000001	36000000	0.898154
chr8	36000001	39000000	1.09507
chr8	39000001	42000000	1.04544
chr8	42000001	45000000	0.526403
chr8	45000001	48000000	0.399903
chr8	48000001	51000000	0.957603
chr8	51000001	54000000	0.691499
chr8	54000001	57000000	0.929254
chr8	57000001	60000000	0.880273
chr8	60000001	63000000	0.908962
chr8	63000001	66000000	0.752714
chr8	66000001	69000000	0.854598
chr8	69000001	72000000	0.812652
chr8	72000001	75000000	0.904764
chr8	75000001	78000000	0.59835
chr8	78000001	81000000	0.61107
chr8	81000001	84000000	0.675948
chr8	84000001	87000000	0.93242
chr8	87000001	90000000	0.573202
chr8	90000001	93000000	0.658722
chr8	93000001	96000000	0.81168
chr8	96000001	99000000	1.05022
chr8	99000001	102000000	0.82306
chr8	102000001	105000000	1.06012
chr8	105000001	108000000	0.648018
chr8	108000001	111000000	0.736682
chr8	111000001	114000000	0.384524
chr8	114000001	117000000	0.475687
chr8	117000001	120000000	0.937694
chr8	120000001	123000000	0.755964
chr8	123000001	126000000	1.2288
chr8	126000001	129000000	1.14094
chr8	129000001	132000000	1.10297
chr8	132000001	135000000	1.49389
chr8	135000001	138000000	1.23376
chr8	138000001	141000000	1.3735
chr8	141000001	144000000	1.916
chr8	144000001	147000000	0.812856
chr9	1	3000000	1.07205
chr9	3000001	6000000	0.898431
chr9	6000001	9000000	0.871949
chr9	9000001	12000000	0.498758
chr9	12000001	15000000	0.741224
chr9	15000001	18000000	0.966831
chr9	18000001	21000000	0.882287
chr9	21000001	24000000	0.726413
chr9	24000001	27000000	0.56659
chr9	27000001	30000000	0.710962
chr9	30000001	33000000	0.645063
chr9	33000001	36000000	1.28278
chr9	36000001	39000000	1.16135
chr9	39000001	42000000	0.442016
chr9	42000001	45000000	0.711113
chr9	45000001	48000000	0.562438
chr9	48000001	51000000	1.60709e-07
chr9	51000001	54000000	1.60709e-07
chr9	54000001	57000000	1.60709e-07
chr9	57000001	60000000	1.60709e-07
chr9	60000001	63000000	1.60709e-07
chr9	63000001	66000000	0.0897778
chr9	66000001	69000000	1.04232
chr9	69000001	72000000	0.900207
chr9	72000001	75000000	0.860259
chr9	75000001	78000000	0.618383
chr9	78000001	81000000	0.937836
chr9	81000001	84000000	0.833117
chr9	84000001	87000000	0.965751
chr9	87000001	90000000	1.07101
chr9	90000001	93000000	1.31725
chr9	93000001	96000000	1.22202
chr9	96000001	99000000	1.236
chr9	99000001	102000000	1.26815
chr9	102000001	105000000	0.92435
chr9	105000001	108000000	0.599999
chr9	108000001	111000000	1.02418
chr9	111000001	114000000	1.05328
chr9	114000001	117000000	1.18288
chr9	117000001	120000000	1.39769
chr9	120000001	123000000	1.15539
chr9	123000001	126000000	1.23484
chr9	126000001	129000000	1.20628
chr9	129000001	132000000	1.43122
chr9	132000001	135000000	1.42094
chr9	135000001	138000000	1.93166
chr9	138000001	141000000	1.60837
chr9	141000001	144000000	0.0999142
chr10	1	3000000	1.34928
chr10	3000001	6000000	1.19022
chr10	6000001	9000000	1.14865
chr10	9000001	12000000	0.951967
chr10	12000001	15000000	1.15242
chr10	15000001	18000000	0.847697
chr10	18000001	21000000	0.703848
chr10	21000001	24000000	0.828356
chr10	24000001	27000000	0.855053
chr10	27000001	30000000	0.844564
chr10	30000001	33000000	0.984451
chr10	33000001	36000000	0.953795
chr10	36000001	39000000	0.842738
chr10	39000001	42000000	0.0760549
chr10	42000001	45000000	1.34236
chr10	45000001	48000000	0.950364
chr10	48000001	51000000	1.28971
chr10	51000001	54000000	0.647833
chr10	54000001	57000000	0.532389
chr10	57000001	60000000	0.485219
chr10	60000001	63000000	0.840923
chr10	63000001	66000000	0.835672
chr10	66000001	69000000	0.512831
chr10	69000001	72000000	1.01385
chr10	72000001	75000000	1.45826
chr10	75000001	78000000	1.01026
chr10	78000001	81000000	1.78629
chr10	81000001	84000000	1.09915
chr10	84000001	87000000	0.922386
chr10	87000001	90000000	1.13953
chr10	90000001	93000000	0.88261
chr10	93000001	96000000	0.875546
chr10	96000001	99000000	1.04221
chr10	99000001	102000000	1.17362
chr10	102000001	105000000	1.26861
chr10	105000001	108000000	1.19382
chr10	108000001	111000000	0.774624
chr10	111000001	114000000	1.22136
chr10	114000001	117000000	1.16929
chr10	117000001	120000000	1.12043
chr10	120000001	123000000	1.29905
chr10	123000001	126000000	1.43592
chr10	126000001	129000000	1.40583
chr10	129000001	132000000	1.47657
chr10	132000001	135000000	1.87168
chr10	135000001	138000000	0.276238
chr11	1	3000000	1.60667
chr11	3000001	6000000	1.05601
chr11	6000001	9000000	1.38281
chr11	9000001	12000000	1.15775
chr11	12000001	15000000	1.29614
chr11	15000001	18000000	1.23669
chr11	18000001	21000000	1.23916
chr11	21000001	24000000	0.649196
chr11	24000001	27000000	0.538398
chr11	27000001	30000000	0.817228
chr11	30000001	33000000	0.844707
chr11	33000001	36000000	1.1695
chr11	36000001	39000000	0.810448
chr11	39000001	42000000	0.606926
chr11	42000001	45000000	1.30592
chr11	45000001	48000000	1.24552
chr11	48000001	51000000	0.715432
chr11	51000001	54000000	0.140995
chr11	54000001	57000000	0.520883
chr11	57000001	60000000	1.03778
chr11	60000001	63000000	1.37828
chr11	63000001	66000000	1.37694
chr11	66000001	69000000	1.32914
chr11	69000001	72000000	1.78519
chr11	72000001	75000000	1.34017
chr11	75000001	78000000	1.34042
chr11	78000001	81000000	1.12349
chr11	81000001	84000000	0.748556
chr11	84000001	87000000	0.825189
chr11	87000001	90000000	0.660348
chr11	90000001	93000000	0.769879
chr11	93000001	96000000	1.09748
chr11	96000001	99000000	0.501789
chr11	99000001	102000000	0.682966
chr11	102000001	105000000	0.729612
chr11	105000001	108000000	0.669069
chr11	108000001	111000000	0.948122
chr11	111000001	114000000	1.33132
chr11	114000001	117000000	1.52857
chr11	117000001	120000000	1.81152
chr11	120000001	123000000	1.37944
chr11	123000001	126000000	1.26174
chr11	126000001	129000000	1.44969
chr11	129000001	132000000	1.52576
chr11	132000001	135000000	1.6084
chr11	135000001	138000000	0
chr12	1	3000000	1.43306
chr12	3000001	6000000	1.76442
chr12	6000001	9000000	1.15334
chr12	9000001	12000000	0.915183
chr12	12000001	15000000	1.07152
chr12	15000001	18000000	0.694208
chr12	18000001	21000000	0.619599
chr12	21000001	24000000	0.65848
chr12	24000001	27000000	0.80472
chr12	27000001	30000000	0.841013
chr12	30000001	33000000	0.89174
chr12	33000001	36000000	0.504808
chr12	36000001	39000000	0.269216
chr12	39000001	42000000	0.577667
chr12	42000001	45000000	0.765239
chr12	45000001	48000000	0.936339
chr12	48000001	51000000	1.25334
chr12	51000001	54000000	1.40657
chr12	54000001	57000000	1.4368
chr12	57000001	60000000	1.14014
chr12	60000001	63000000	0.54127
chr12	63000001	66000000	0.851079
chr12	66000001	69000000	0.974591
chr12	69000001	72000000	0.790003
chr12	72000001	75000000	0.554178
chr12	75000001	78000000	0.707603
chr12	78000001	81000000	0.562986
chr12	81000001	84000000	0.566965
chr12	84000001	87000000	0.430037
chr12	87000001	90000000	0.631698
chr12	90000001	93000000	0.685515
chr12	93000001	96000000	0.963336
chr12	96000001	99000000	0.972204
chr12	99000001	102000000	0.87932
chr12	102000001	105000000	1.01795
chr12	105000001	108000000	1.30262
chr12	108000001	111000000	1.39194
chr12	111000001	114000000	1.23966
chr12	114000001	117000000	1.48407
chr12	117000001	120000000	1.4392
chr12	120000001	123000000	0.961063
chr12	123000001	126000000	1.45232
chr12	126000001	129000000	1.24329
chr12	129000001	132000000	1.75643
chr12	132000001	135000000	0.869729
chr13	1	3000000	1.60709e-07
chr13	3000001	6000000	1.60709e-07
chr13	6000001	9000000	1.60709e-07
chr13	9000001	12000000	1.60709e-07
chr13	12000001	15000000	1.60709e-07
chr13	15000001	18000000	1.60709e-07
chr13	18000001	21000000	0.563038
chr13	21000001	24000000	0.941277
chr13	24000001	27000000	1.0908
chr13	27000001	30000000	1.22063
chr13	30000001	33000000	1.12462
chr13	33000001	36000000	0.84786
chr13	36000001	39000000	0.777318
chr13	39000001	42000000	0.923312
chr13	42000001	45000000	1.00711
chr13	45000001	48000000	0.972162
chr13	48000001	51000000	0.906047
chr13	51000001	54000000	1.0936
chr13	54000001	57000000	0.518863
chr13	57000001	60000000	0.502048
chr13	60000001	63000000	0.625364
chr13	63000001	66000000	0.353629
chr13	66000001	69000000	0.419119
chr13	69000001	72000000	0.340092
chr13	72000001	75000000	0.689402
chr13	75000001	78000000	0.795697
chr13	78000001	81000000	0.742478
chr13	81000001	84000000	0.439714
chr13	84000001	87000000	0.360338
chr13	87000001	90000000	0.362052
chr13	90000001	93000000	0.491979
chr13	93000001	96000000	0.744845
chr13	96000001	99000000	0.98898
chr13	99000001	102000000	1.13528
chr13	102000001	105000000	0.72469
chr13	105000001	108000000	0.764381
chr13	108000001	111000000	1.0002
chr13	111000001	114000000	1.48214
chr13	114000001	117000000	0.493923
chr14	1	3000000	1.60709e-07
chr14	3000001	6000000	1.60709e-07
chr14	6000001	9000000	1.60709e-07
chr14	9000001	12000000	1.60709e-07
chr14	12000001	15000000	1.60709e-07
chr14	15000001	18000000	1.60709e-07
chr14	18000001	21000000	0.742349
chr14	21000001	24000000	1.19418
chr14	24000001	27000000	1.15718
chr14	27000001	30000000	0.493634
chr14	30000001	33000000	0.698823
chr14	33000001	36000000	0.790107
chr14	36000001	39000000	0.802326
chr14	39000001	42000000	0.592296
chr14	42000001	45000000	0.435885
chr14	45000001	48000000	0.55907
chr14	48000001	51000000	0.654744
chr14	51000001	54000000	0.92453
chr14	54000001	57000000	1.01275
chr14	57000001	60000000	0.947124
chr14	60000001	63000000	0.953751
chr14	63000001	66000000	0.926297
chr14	66000001	69000000	0.961715
chr14	69000001	72000000	1.33018
chr14	72000001	75000000	1.12019
chr14	75000001	78000000	1.38996
chr14	78000001	81000000	1.02831
chr14	81000001	84000000	0.688442
chr14	84000001	87000000	0.54281
chr14	87000001	90000000	0.971196
chr14	90000001	93000000	1.27283
chr14	93000001	96000000	1.64259
chr14	96000001	99000000	1.48061
chr14	99000001	102000000	1.74586
chr14	102000001	105000000	1.21242
chr14	105000001	108000000	1.13171
chr15	1	3000000	1.60709e-07
chr15	3000001	6000000	1.61538e-07
chr15	6000001	9000000	1.61538e-07
chr15	9000001	12000000	1.61538e-07
chr15	12000001	15000000	1.72587e-07
chr15	15000001	18000000	2.81996e-07
chr15	18000001	21000000	0.468955
chr15	21000001	24000000	0.808714
chr15	24000001	27000000	1.01781
chr15	27000001	30000000	1.06505
chr15	30000001	33000000	1.11963
chr15	33000001	36000000	0.956421
chr15	36000001	39000000	0.820559
chr15	39000001	42000000	1.01236
chr15	42000001	45000000	1.05442
chr15	45000001	48000000	0.924409
chr15	48000001	51000000	0.819353
chr15	51000001	54000000	0.971841
chr15	54000001	57000000	0.714237
chr15	57000001	60000000	1.0191
chr15	60000001	63000000	1.13259
chr15	63000001	66000000	1.03538
chr15	66000001	69000000	1.34719
chr15	69000001	72000000	1.69291
chr15	72000001	75000000	1.35385
chr15	75000001	78000000	1.24356
chr15	78000001	81000000	1.51636
chr15	81000001	84000000	1.11195
chr15	84000001	87000000	1.14658
chr15	87000001	90000000	1.38386
chr15	90000001	93000000	1.23693
chr15	93000001	96000000	1.03757
chr15	96000001	99000000	0.944982
chr15	99000001	102000000	1.35559
chr15	102000001	105000000	0.225129
chr16	1	3000000	1.1289
chr16	3000001	6000000	1.32525
chr16	6000001	9000000	1.19858
chr16	9000001	12000000	1.39625
chr16	12000001	15000000	1.26401
chr16	15000001	18000000	1.27125
chr16	18000001	21000000	1.17548
chr16	21000001	24000000	1.17742
chr16	24000001	27000000	1.20931
chr16	27000001	30000000	1.51104
chr16	30000001	33000000	1.30495
chr16	33000001	36000000	1.01383
chr16	36000001	39000000	4.82127e-07
chr16	39000001	42000000	6.90347e-07
chr16	42000001	45000000	6.90347e-07
chr16	45000001	48000000	0.683072
chr16	48000001	51000000	1.59951
chr16	51000001	54000000	1.02537
chr16	54000001	57000000	1.52823
chr16	57000001	60000000	1.27153
chr16	60000001	63000000	0.584883
chr16	63000001	66000000	0.861596
chr16	66000001	69000000	1.37608
chr16	69000001	72000000	1.06981
chr16	72000001	75000000	1.1174
chr16	75000001	78000000	0.90761
chr16	78000001	81000000	1.39509
chr16	81000001	84000000	1.51215
chr16	84000001	87000000	1.91662
chr16	87000001	90000000	1.5816
chr16	90000001	93000000	0.127587
chr17	1	3000000	1.15606
chr17	3000001	6000000	1.42475
chr17	6000001	9000000	1.55877
chr17	9000001	12000000	1.29783
chr17	12000001	15000000	1.09048
chr17	15000001	18000000	1.29263
chr17	18000001	21000000	1.11695
chr17	21000001	24000000	0.715603
chr17	24000001	27000000	0.812472
chr17	27000001	30000000	0.904154
chr17	30000001	33000000	1.53339
chr17	33000001	36000000	1.33331
chr17	36000001	39000000	1.37528
chr17	39000001	42000000	1.39785
chr17	42000001	45000000	1.21812
chr17	45000001	48000000	1.24555
chr17	48000001	51000000	1.23733
chr17	51000001	54000000	0.778509
chr17	54000001	57000000	1.33312
chr17	57000001	60000000	0.687283
chr17	60000001	63000000	0.931255
chr17	63000001	66000000	1.07572
chr17	66000001	69000000	0.802473
chr17	69000001	72000000	1.52728
chr17	72000001	75000000	1.45414
chr17	75000001	78000000	1.82241
chr17	78000001	81000000	1.42396
chr17	81000001	84000000	0.0951686
chr18	1	3000000	0.828283
chr18	3000001	6000000	0.884501
chr18	6000001	9000000	1.1039
chr18	9000001	12000000	1.09437
chr18	12000001	15000000	0.994969
chr18	15000001	18000000	0.0934428
chr18	18000001	21000000	0.820411
chr18	21000001	24000000	0.997194
chr18	24000001	27000000	0.750976
chr18	27000001	30000000	0.600856
chr18	30000001	33000000	0.736462
chr18	33000001	36000000	1.30701
chr18	36000001	39000000	0.628632
chr18	39000001	42000000	0.654575
chr18	42000001	45000000	1.456
chr18	45000001	48000000	1.67279
chr18	48000001	51000000	0.919556
chr18	51000001	54000000	0.788862
chr18	54000001	57000000	1.13154
chr18	57000001	60000000	0.874804
chr18	60000001	63000000	0.845339
chr18	63000001	66000000	0.388524
chr18	66000001	69000000	0.632898
chr18	69000001	72000000	0.702781
chr18	72000001	75000000	1.25712
chr18	75000001	78000000	1.35045
chr18	78000001	81000000	0.00350802
chr19	1	3000000	0.984955
chr19	3000001	6000000	1.3171
chr19	6000001	9000000	1.30323
chr19	9000001	12000000	1.01529
chr19	12000001	15000000	1.07101
chr19	15000001	18000000	1.26963
chr19	18000001	21000000	0.992425
chr19	21000001	24000000	0.516578
chr19	24000001	27000000	0.157192
chr19	27000001	30000000	1.0197
chr19	30000001	33000000	1.52227
chr19	33000001	36000000	1.24517
chr19	36000001	39000000	1.05517
chr19	39000001	42000000	1.33121
chr19	42000001	45000000	1.4403
chr19	45000001	48000000	1.2234
chr19	48000001	51000000	1.39363
chr19	51000001	54000000	1.31377
chr19	54000001	57000000	1.30024
chr19	57000001	60000000	0.821351
chr20	1	3000000	1.5404
chr20	3000001	6000000	1.14977
chr20	6000001	9000000	0.815002
chr20	9000001	12000000	0.978559
chr20	12000001	15000000	0.872591
chr20	15000001	18000000	1.16758
chr20	18000001	21000000	1.29386
chr20	21000001	24000000	1.45886
chr20	24000001	27000000	1.15942
chr20	27000001	30000000	0.289602
chr20	30000001	33000000	1.30192
chr20	33000001	36000000	1.09493
chr20	36000001	39000000	1.53719
chr20	39000001	42000000	1.62747
chr20	42000001	45000000	1.55865
chr20	45000001	48000000	1.64604
chr20	48000001	51000000	1.48431
chr20	51000001	54000000	0.966689
chr20	54000001	57000000	1.60857
chr20	57000001	60000000	1.71594
chr20	60000001	63000000	1.76164
chr20	63000001	66000000	0
chr21	1	3000000	1.60709e-07
chr21	3000001	6000000	1.60709e-07
chr21	6000001	9000000	1.60709e-07
chr21	9000001	12000000	1.14972
chr21	12000001	15000000	0.128792
chr21	15000001	18000000	0.738844
chr21	18000001	21000000	0.582052
chr21	21000001	24000000	0.401119
chr21	24000001	27000000	0.460608
chr21	27000001	30000000	0.656524
chr21	30000001	33000000	0.833823
chr21	33000001	36000000	1.24492
chr21	36000001	39000000	1.08923
chr21	39000001	42000000	1.35077
chr21	42000001	45000000	1.72325
chr21	45000001	48000000	1.68816
chr21	48000001	51000000	0.0454798
chr22	1	3000000	1.60709e-07
chr22	3000001	6000000	1.60709e-07
chr22	6000001	9000000	1.60709e-07
chr22	9000001	12000000	1.61538e-07
chr22	12000001	15000000	1.61538e-07
chr22	15000001	18000000	0.699978
chr22	18000001	21000000	1.2007
chr22	21000001	24000000	1.41289
chr22	24000001	27000000	1.45069
chr22	27000001	30000000	1.48717
chr22	30000001	33000000	1.3141
chr22	33000001	36000000	1.55654
chr22	36000001	39000000	1.63686
chr22	39000001	42000000	1.2869
chr22	42000001	45000000	1.73649
chr22	45000001	48000000	1.75952
chr22	48000001	51000000	1.73962
chr22	51000001	54000000	0.10719
chrX	1	3000000	0.508554
chrX	3000001	6000000	0.824687
chrX	6000001	9000000	0.95721
chrX	9000001	12000000	1.228
chrX	12000001	15000000	1.10626
chrX	15000001	18000000	1.20926
chrX	18000001	21000000	1.14174
chrX	21000001	24000000	0.895391
chrX	24000001	27000000	0.82846
chrX	27000001	30000000	0.613362
chrX	30000001	33000000	0.776545
chrX	33000001	36000000	0.65502
chrX	36000001	39000000	0.911259
chrX	39000001	42000000	1.30998
chrX	42000001	45000000	0.917434
chrX	45000001	48000000	1.13097
chrX	48000001	51000000	1.38445
chrX	51000001	54000000	1.14812
chrX	54000001	57000000	1.14953
chrX	57000001	60000000	0.477244
chrX	60000001	63000000	0.524134
chrX	63000001	66000000	1.19878
chrX	66000001	69000000	1.43842
chrX	69000001	72000000	1.33327
chrX	72000001	75000000	1.10011
chrX	75000001	78000000	0.948384
chrX	78000001	81000000	0.717684
chrX	81000001	84000000	0.678545
chrX	84000001	87000000	0.722594
chrX	87000001	90000000	0.519957
chrX	90000001	93000000	0.578422
chrX	93000001	96000000	0.649792
chrX	96000001	99000000	0.682748
chrX	99000001	102000000	1.14138
chrX	102000001	105000000	1.09033
chrX	105000001	108000000	1.1398
chrX	108000001	111000000	1.17974
chrX	111000001	114000000	0.884071
chrX	114000001	117000000	0.788747
chrX	117000001	120000000	1.02591
chrX	120000001	123000000	0.817688
chrX	123000001	126000000	0.690567
chrX	126000001	129000000	0.88581
chrX	129000001	132000000	1.21769
chrX	132000001	135000000	1.15846
chrX	135000001	138000000	1.03605
chrX	138000001	141000000	0.941382
chrX	141000001	144000000	0.737135
chrX	144000001	147000000	0.847075
chrX	147000001	150000000	1.27505
chrX	150000001	153000000	1.49543
chrX	153000001	156000000	0.856051
chrY	1	3000000	0.842401
chrY	3000001	6000000	0.471621
chrY	6000001	9000000	0.498055
chrY	9000001	12000000	0.795469
chrY	12000001	15000000	1.47492
chrY	15000001	18000000	0.445629
chrY	18000001	21000000	0.404524
chrY	21000001	24000000	0.42871
chrY	24000001	27000000	0.493123
chrY	27000001	30000000	0.310207
chrY	30000001	33000000	3.02536e-07
chrY	33000001	36000000	4.43534e-07
chrY	36000001	39000000	4.43534e-07
chrY	39000001	42000000	4.43534e-07
chrY	42000001	45000000	4.43534e-07
chrY	45000001	48000000	4.43534e-07
chrY	48000001	51000000	4.43534e-07
chrY	51000001	54000000	9.28147e-07
chrY	54000001	57000000	3.02814e-06
chrY	57000001	60000000	0.66206
